0 0.51796875 0.10703125 0.8703125 0.1921875
0 0.58515625 0.22734375 0.8140625 0.1828125
0 0.4953125 0.38515625 0.8375 0.1796875
0 0.59765625 0.48515625 0.8046875 0.1953125
0 0.6078125 0.58203125 0.640625 0.1734375
0 0.6765625 0.690625 0.646875 0.1875
0 0.5453125 0.88671875 0.9 0.2078125
0 0.60390625 0.93671875 0.7921875 0.1265625
0 0.12578125 0.7078125 0.1765625 0.15625
0 0.17421875 0.66328125 0.2265625 0.1484375
0 0.9375 0.97109375 0.125 0.0578125
0 0.9140625 0.51015625 0.171875 0.1109375
0 0.9421875 0.259375 0.115625 0.13125
