0 0.23671875 0.2421875 0.265625 0.0875
0 0.071875 0.3109375 0.14375 0.06875
0 0.07109375 0.40234375 0.13671875 0.0390625
0 0.06640625 0.49375 0.13203125 0.0359375
0 0.19140625 0.60625 0.37734375 0.10078125
0 0.26015625 0.521875 0.30625 0.06796875
0 0.2828125 0.425 0.26328125 0.078125
0 0.2890625 0.3453125 0.22421875 0.09609375
0 0.5609375 0.2640625 0.19375 0.06015625
0 0.55703125 0.37890625 0.17734375 0.06015625
0 0.5546875 0.4453125 0.17421875 0.05859375
0 0.55 0.5390625 0.15625 0.08984375
0 0.653125 0.5828125 0.20546875 0.09921875
0 0.725 0.490625 0.17265625 0.09765625
0 0.721875 0.39140625 0.1515625 0.0703125
0 0.72109375 0.30390625 0.17421875 0.0703125
0 0.9296875 0.453125 0.134375 0.0796875
0 0.9328125 0.390625 0.134375 0.05703125
0 0.93046875 0.32890625 0.1390625 0.05390625
0 0.93203125 0.26171875 0.1359375 0.05703125
0 0.93359375 0.5671875 0.1328125 0.0796875
0 0.93046875 0.5 0.1390625 0.0625
