0 0.1890625 0.69765625 0.278125 0.140625
0 0.059375 0.5953125 0.11875 0.096875
0 0.065625 0.50546875 0.13125 0.0671875
0 0.07421875 0.415625 0.1359375 0.0625
0 0.2203125 0.33203125 0.390625 0.1765625
0 0.2703125 0.42890625 0.3140625 0.1296875
0 0.271875 0.528125 0.2734375 0.13125
0 0.26171875 0.6078125 0.2390625 0.140625
0 0.5109375 0.74375 0.2015625 0.0984375
0 0.53046875 0.63046875 0.1859375 0.0953125
0 0.5421875 0.56484375 0.1828125 0.09375
0 0.55703125 0.471875 0.171875 0.1203125
0 0.6671875 0.45078125 0.221875 0.1390625
0 0.71796875 0.55625 0.1890625 0.13125
0 0.69453125 0.65234375 0.1625 0.1
0 0.67578125 0.7375 0.184375 0.1046875
0 0.9109375 0.63515625 0.1484375 0.10625
0 0.90078125 0.696875 0.14375 0.084375
0 0.88515625 0.75703125 0.146875 0.08125
0 0.8734375 0.82265625 0.1453125 0.084375
0 0.93203125 0.5234375 0.1359375 0.10625
0 0.92109375 0.58984375 0.1484375 0.090625
