0 0.30703125 0.8140625 0.278125 0.1484375
0 0.13046875 0.78671875 0.15625 0.1015625
0 0.1078125 0.6984375 0.1421875 0.0703125
0 0.08046875 0.6109375 0.1375 0.0671875
0 0.18515625 0.47109375 0.3703125 0.1890625
0 0.26171875 0.53671875 0.3140625 0.140625
0 0.30703125 0.625 0.275 0.1390625
0 0.3328125 0.70078125 0.240625 0.146875
0 0.61640625 0.7140625 0.203125 0.1046875
0 0.584375 0.60390625 0.1859375 0.1015625
0 0.56640625 0.53984375 0.1828125 0.0984375
0 0.5390625 0.45 0.1734375 0.125
0 0.62890625 0.3828125 0.2234375 0.1453125
0 0.7203125 0.4546875 0.190625 0.1359375
0 0.74140625 0.5515625 0.1640625 0.1046875
0 0.76171875 0.63671875 0.1859375 0.1109375
0 0.9265625 0.440625 0.146875 0.109375
0 0.93671875 0.5015625 0.1265625 0.0875
0 0.9421875 0.56171875 0.115625 0.0859375
0 0.9515625 0.6265625 0.096875 0.0875
0 0.9046875 0.3296875 0.1484375 0.109375
0 0.91796875 0.39609375 0.15 0.09375
