0 0.165625 0.834375 0.21875 0.1
0 0.4703125 0.87578125 0.30625 0.05625
0 0.21015625 0.628125 0.259375 0.0765625
0 0.215625 0.69375 0.284375 0.08125
0 0.18515625 0.7609375 0.21875 0.06875
0 0.2109375 0.5515625 0.278125 0.0765625
0 0.18046875 0.471875 0.23125 0.0703125
0 0.20625 0.32890625 0.271875 0.0703125
0 0.221875 0.40546875 0.259375 0.05625
0 0.490625 0.76484375 0.29375 0.0765625
0 0.50234375 0.69140625 0.3046875 0.06875
0 0.5140625 0.5359375 0.2875 0.08125
0 0.50546875 0.60546875 0.275 0.06875
0 0.484375 0.3734375 0.290625 0.071875
0 0.48828125 0.44765625 0.3 0.05625
0 0.80078125 0.82734375 0.3375 0.065625
0 0.80546875 0.67734375 0.259375 0.05625
0 0.80859375 0.7453125 0.2640625 0.059375
0 0.8015625 0.3453125 0.3140625 0.065625
0 0.790625 0.40078125 0.30625 0.0453125
0 0.8140625 0.47578125 0.2703125 0.065625
0 0.81328125 0.5421875 0.2625 0.06875
0 0.81171875 0.60859375 0.25625 0.05625
