0 0.165625 0.165625 0.21796875 0.09921875
0 0.4703125 0.12421875 0.30625 0.05546875
0 0.21015625 0.371875 0.25859375 0.0765625
0 0.215625 0.30625 0.28359375 0.08125
0 0.18515625 0.2390625 0.21953125 0.06875
0 0.2109375 0.4484375 0.278125 0.0765625
0 0.18046875 0.528125 0.23125 0.0703125
0 0.20625 0.67109375 0.271875 0.0703125
0 0.221875 0.59453125 0.26015625 0.05546875
0 0.490625 0.23515625 0.29296875 0.0765625
0 0.50234375 0.30859375 0.3046875 0.06796875
0 0.5140625 0.4640625 0.28828125 0.08125
0 0.50546875 0.39453125 0.275 0.06796875
0 0.484375 0.6265625 0.28984375 0.071875
0 0.48828125 0.55234375 0.30078125 0.05546875
0 0.80078125 0.17265625 0.33671875 0.06640625
0 0.80546875 0.32265625 0.25859375 0.05703125
0 0.80859375 0.2546875 0.2640625 0.05859375
0 0.8015625 0.6546875 0.3140625 0.06484375
0 0.790625 0.59921875 0.30625 0.0453125
0 0.8140625 0.52421875 0.2703125 0.06640625
0 0.81328125 0.4578125 0.26328125 0.06796875
0 0.81171875 0.39140625 0.25703125 0.05546875
