0 0.12734375 0.79140625 0.228125 0.125
0 0.425 0.86953125 0.3109375 0.0921875
0 0.196875 0.5921875 0.265625 0.1078125
0 0.19375 0.6578125 0.290625 0.115625
0 0.15546875 0.7203125 0.2265625 0.0953125
0 0.20703125 0.515625 0.2859375 0.109375
0 0.1859375 0.4328125 0.2375 0.0984375
0 0.22890625 0.29453125 0.278125 0.103125
0 0.23515625 0.37265625 0.265625 0.0875
0 0.45859375 0.76171875 0.3 0.1109375
0 0.47890625 0.690625 0.3109375 0.1046875
0 0.509375 0.5375 0.2953125 0.115625
0 0.4921875 0.60546875 0.28125 0.1015625
0 0.5 0.37265625 0.296875 0.10625
0 0.49453125 0.446875 0.3046875 0.0921875
0 0.75859375 0.86171875 0.3421875 0.10625
0 0.78125 0.71328125 0.2640625 0.0875
0 0.7765625 0.78125 0.26875 0.090625
0 0.81796875 0.38359375 0.3203125 0.103125
0 0.80078125 0.43671875 0.309375 0.0828125
0 0.81484375 0.5140625 0.2765625 0.0984375
0 0.80546875 0.5796875 0.2703125 0.1
0 0.79609375 0.64609375 0.2625 0.0859375
