0 0.3625 0.2359375 0.33515625 0.13515625
0 0.82265625 0.10546875 0.25703125 0.08125
0 0.27265625 0.6265625 0.3203125 0.09296875
0 0.28359375 0.8078125 0.31875 0.10390625
0 0.5984375 0.74921875 0.2 0.121875
0 0.590625 0.6109375 0.25234375 0.10703125
0 0.62734375 0.47578125 0.25078125 0.10703125
0 0.36171875 0.43125 0.26171875 0.1265625
0 0.77890625 0.38515625 0.275 0.121875
0 0.78828125 0.25078125 0.265625 0.1140625
0 0.06953125 0.23203125 0.1390625 0.146875
0 0.55859375 0.3421875 0.1078125 0.09296875
