0 0.19453125 0.4703125 0.3171875 0.7875
0 0.14453125 0.4296875 0.28828125 0.68203125
0 0.1203125 0.33515625 0.240625 0.50703125
0 0.31953125 0.47578125 0.25703125 0.76171875
0 0.4953125 0.546875 0.175 0.90625
0 0.4140625 0.4859375 0.20546875 0.79453125
0 0.70546875 0.61953125 0.28984375 0.1609375
0 0.52890625 0.05703125 0.0421875 0.06875
0 0.5828125 0.05703125 0.05390625 0.0875
0 0.78515625 0.1 0.0859375 0.13046875
0 0.71171875 0.05625 0.0703125 0.09765625
0 0.65 0.06328125 0.06484375 0.09921875
0 0.79375 0.31953125 0.13046875 0.26328125
0 0.75546875 0.35390625 0.08984375 0.13671875
0 0.62578125 0.41953125 0.09140625 0.1984375
0 0.71953125 0.45859375 0.10546875 0.165625
0 0.68984375 0.1578125 0.08125 0.10546875
0 0.6109375 0.1546875 0.0765625 0.1109375
0 0.58828125 0.271875 0.05859375 0.09609375
0 0.6578125 0.275 0.10234375 0.18359375
