0 0.2140625 0.4171875 0.428125 0.83125
0 0.18125 0.36875 0.3625 0.721875
0 0.15859375 0.271875 0.3171875 0.540625
0 0.3265625 0.44453125 0.3859375 0.7953125
0 0.48671875 0.54140625 0.3296875 0.9171875
0 0.41796875 0.47109375 0.340625 0.81875
0 0.68125 0.653125 0.3140625 0.209375
0 0.60546875 0.06875 0.053125 0.075
0 0.65859375 0.078125 0.06875 0.0953125
0 0.85 0.15546875 0.1078125 0.14375
0 0.7859375 0.1 0.0859375 0.1078125
0 0.7234375 0.09609375 0.08125 0.109375
0 0.8203125 0.3734375 0.1734375 0.28125
0 0.77734375 0.40078125 0.1125 0.15
0 0.6375 0.44296875 0.125 0.2109375
0 0.7234375 0.49765625 0.1328125 0.18125
0 0.74609375 0.19609375 0.0984375 0.11875
0 0.66953125 0.17890625 0.0953125 0.121875
0 0.6265625 0.290625 0.075 0.1046875
0 0.69453125 0.30546875 0.1328125 0.1984375
