0 0.22578125 0.5890625 0.4515625 0.821875
0 0.19296875 0.64140625 0.3859375 0.7171875
0 0.1703125 0.7359375 0.340625 0.528125
0 0.3296875 0.5640625 0.421875 0.8
0 0.484375 0.4578125 0.375 0.915625
0 0.41953125 0.5328125 0.3796875 0.8203125
0 0.6734375 0.3375 0.31875 0.221875
0 0.628125 0.925 0.05625 0.0765625
0 0.68046875 0.91328125 0.071875 0.096875
0 0.86796875 0.82578125 0.1125 0.146875
0 0.80625 0.884375 0.090625 0.1109375
0 0.74453125 0.89140625 0.0859375 0.1109375
0 0.8265625 0.609375 0.1859375 0.2859375
0 0.78203125 0.58515625 0.11875 0.153125
0 0.640625 0.55 0.134375 0.2140625
0 0.7234375 0.490625 0.140625 0.184375
0 0.76171875 0.790625 0.103125 0.1203125
0 0.6859375 0.81171875 0.1 0.125
0 0.6375 0.70234375 0.078125 0.10625
0 0.7046875 0.68359375 0.140625 0.2015625
