0 0.315625 0.84453125 0.39453125 0.1421875
0 0.50078125 0.80234375 0.45 0.16328125
0 0.54921875 0.7046875 0.41640625 0.17734375
0 0.7140625 0.65859375 0.41953125 0.20859375
0 0.21953125 0.653125 0.4390625 0.1515625
0 0.29609375 0.58125 0.396875 0.09609375
0 0.24296875 0.50625 0.41015625 0.0984375
0 0.6796875 0.5375 0.36875 0.09375
0 0.29921875 0.46640625 0.37265625 0.06171875
0 0.334375 0.42734375 0.3703125 0.0703125
0 0.31640625 0.36015625 0.24453125 0.0734375
0 0.65 0.45 0.36484375 0.071875
0 0.32421875 0.31640625 0.25546875 0.06171875
0 0.32578125 0.2859375 0.2546875 0.0578125
0 0.53515625 0.278125 0.06875 0.03828125
0 0.63359375 0.3390625 0.0703125 0.04921875
0 0.5546875 0.321875 0.071875 0.0390625
0 0.61015625 0.28515625 0.06796875 0.0421875
0 0.678125 0.28203125 0.08203125 0.046875
0 0.675 0.390625 0.0703125 0.05078125
0 0.7140625 0.34140625 0.08515625 0.03984375
0 0.528125 0.35703125 0.05546875 0.03984375
0 0.5625 0.3828125 0.08125 0.04453125
0 0.78828125 0.3296875 0.05546875 0.04921875
