0 0.7328125 0.859375 0.115625 0.28125
0 0.8203125 0.8703125 0.14375 0.259375
0 0.90234375 0.884375 0.1265625 0.23125
0 0.65234375 0.815625 0.109375 0.228125
0 0.559375 0.796875 0.11875 0.2375
0 0.48671875 0.775 0.1125 0.203125
0 0.4078125 0.76796875 0.1171875 0.1921875
0 0.25703125 0.315625 0.1859375 0.3328125
0 0.43671875 0.40625 0.1515625 0.240625
0 0.578125 0.471875 0.1625 0.3171875
0 0.88359375 0.6453125 0.1609375 0.2359375
0 0.9359375 0.428125 0.128125 0.309375
0 0.83984375 0.153125 0.1828125 0.2375
0 0.61328125 0.1265625 0.1890625 0.2484375
0 0.340625 0.5265625 0.14375 0.265625
0 0.49765625 0.5578125 0.146875 0.2265625
0 0.6859375 0.503125 0.14375 0.365625
0 0.79375 0.540625 0.13125 0.3578125
