0 0.78359375 0.84296875 0.0734375 0.3125
0 0.87265625 0.84921875 0.10234375 0.3015625
0 0.95625 0.85703125 0.0875 0.2859375
0 0.69453125 0.79140625 0.0796875 0.21953125
0 0.6 0.7859375 0.08828125 0.228125
0 0.525 0.77421875 0.0859375 0.19375
0 0.44609375 0.778125 0.09296875 0.18046875
0 0.23359375 0.3515625 0.14296875 0.315625
0 0.42421875 0.415625 0.121875 0.2265625
0 0.5734375 0.4609375 0.121875 0.303125
0 0.9 0.590625 0.13203125 0.21953125
0 0.9390625 0.365625 0.12109375 0.29609375
0 0.78828125 0.109375 0.15390625 0.21875
0 0.56015625 0.1140625 0.159375 0.228125
0 0.34609375 0.5484375 0.109375 0.25234375
0 0.50546875 0.5578125 0.11875 0.21171875
0 0.684375 0.47734375 0.09453125 0.35625
0 0.796875 0.49921875 0.0828125 0.35
