0 0.71953125 0.13671875 0.1265625 0.2734375
0 0.80625 0.12421875 0.153125 0.2484375
0 0.88671875 0.10859375 0.1359375 0.2171875
0 0.640625 0.17890625 0.1171875 0.2296875
0 0.54921875 0.20078125 0.1265625 0.240625
0 0.47734375 0.22578125 0.11875 0.20625
0 0.3984375 0.23515625 0.1234375 0.19375
0 0.26328125 0.6921875 0.1953125 0.3359375
0 0.43984375 0.59609375 0.159375 0.24375
0 0.57890625 0.52578125 0.1734375 0.3203125
0 0.878125 0.34140625 0.16875 0.2390625
0 0.93515625 0.55625 0.1296875 0.3125
0 0.8515625 0.834375 0.1890625 0.2421875
0 0.6265625 0.86953125 0.196875 0.2515625
0 0.33984375 0.47890625 0.1515625 0.2671875
0 0.4953125 0.4421875 0.153125 0.2296875
0 0.68515625 0.490625 0.1546875 0.3671875
0 0.7921875 0.44921875 0.1421875 0.359375
